22
Dimension 2
Doing GetH
Match 8
h= 0.125
0.125
Check h
Doing GetH
Match 8
h= 0.125
p 0.00467483 0 0.995336 0
p 0.00179334 0 0.998208 -0.00467483
p 0.00916009 2 4.1571e-05 -0.00646817
p 0.00993579 3 1.6186e-07 -10.0946
p 0.00611849 3 3.79423e-08 -25.7311
p 0.034972 6 2.4536e-12 -42.8183
p 0.18068 12 2.10921e-18 -69.5518
p 0.838952 79 1e-50 -110.252
p 0.838932 46 1e-50 -225.381
p 0.00467483 1 0.00465303 -340.511
p 0.00179334 1 0.00179012 -345.881
p 0.00916008 1 0.00907656 -352.206
p 0.00993579 1 0.00983756 -356.908
p 0.00611849 8 4.84144e-23 -361.53
p 0.034972 14 4.53411e-32 -412.912
p 0.18068 45 1e-50 -485.083
p 0.838957 93 1e-50 -600.212
p 0.838941 65 1e-50 -715.342
p 0.00467483 0 0.995336 -830.471
p 0.00179334 1 0.00179012 -830.476
p 0.00916008 4 2.90675e-10 -836.801
p 0.00993579 2 4.88719e-05 -858.76
p 0.00611849 1 0.00608116 -868.686
p 0.034972 13 1.81508e-29 -873.789
p 0.18068 22 3.33255e-38 -939.968
p 0.838954 61 1e-50 -1026.26
p 0.838944 54 1e-50 -1141.39
p 0.00467483 0 0.995336 -1256.52
p 0.00179334 0 0.998208 -1256.53
p 0.00916008 0 0.990882 -1256.53
p 0.00993578 0 0.990113 -1256.54
p 0.00611848 4 5.80373e-11 -1256.55
p 0.034972 17 4.75316e-40 -1280.12
p 0.180679 20 4.71574e-34 -1370.66
p 0.838939 72 1e-50 -1447.4
p 0.838935 63 1e-50 -1562.53
p 0.108729 9 5.24978e-15 -1677.66
p 0.10873 7 3.19729e-11 -1710.54
p 0.108729 10 5.70806e-17 -1734.7
p 0.140694 13 1.18083e-21 -1772.1
p 0.320275 14 9.9501e-19 -1820.29
p 0.437262 20 1.73301e-26 -1861.74
p 0.584512 31 3.99686e-42 -1921.06
p 0.703623 43 1e-50 -2016.38
p 0.779732 41 1e-50 -2131.51
p 0.819451 58 1e-50 -2246.64
p 0.83891 54 1e-50 -2361.77
p 0.838892 44 1e-50 -2476.9
p 0.10873 10 5.70837e-17 -2592.03
p 0.10873 13 4.27602e-23 -2629.43
p 0.10873 8 4.34563e-13 -2680.94
p 0.140694 18 6.33184e-32 -2709.4
p 0.32028 15 2.12496e-20 -2781.24
p 0.437273 34 1e-50 -2826.54
p 0.584522 42 1e-50 -2941.67
p 0.703639 54 1e-50 -3056.8
p 0.779752 46 1e-50 -3171.93
p 0.819475 49 1e-50 -3287.06
p 0.83894 64 1e-50 -3402.19
p 0.838937 49 1e-50 -3517.31
p 0.10873 12 5.11245e-21 -3632.44
p 0.10873 9 5.25007e-15 -3679.17
p 0.10873 9 5.25009e-15 -3712.05
p 0.140695 20 3.29856e-36 -3744.93
p 0.320282 21 5.87147e-31 -3826.63
p 0.437278 39 1e-50 -3896.24
p 0.584531 64 1e-50 -4011.37
p 0.703653 65 1e-50 -4126.5
p 0.77977 77 1e-50 -4241.63
p 0.819489 73 1e-50 -4356.75
p 0.83895 74 1e-50 -4471.88
p 0.838915 48 1e-50 -4587.01
p 0.10873 7 3.19737e-11 -4702.14
p 0.10873 18 6.32028e-34 -4726.31
p 0.10873 19 3.61696e-36 -4802.75
p 0.140695 18 6.33235e-32 -4884.36
p 0.320284 32 1e-50 -4956.2
p 0.43728 46 1e-50 -5071.33
p 0.584535 73 1e-50 -5186.46
p 0.703657 67 1e-50 -5301.58
p 0.779773 75 1e-50 -5416.71
p 0.819493 74 1e-50 -5531.84
p 0.83895 77 1e-50 -5646.97
p 0.838931 57 1e-50 -5762.1
p 0.00200663 0 0.997995 -5877.23
p 0.0106015 0 0.989455 -5877.23
p 0.0217908 0 0.978445 -5877.24
p 0.0228254 4 1.10548e-08 -5877.27
p 0.0234207 21 1e-50 -5895.59
p 0.176283 43 1e-50 -6010.71
p 0.449955 55 1e-50 -6125.84
p 0.740215 52 1e-50 -6240.97
p 0.817236 86 1e-50 -6356.1
p 0.838941 57 1e-50 -6471.23
p 0.83894 52 1e-50 -6586.36
p 0.00200663 0 0.997995 -6701.49
p 0.0106015 0 0.989455 -6701.49
p 0.0217908 0 0.978445 -6701.5
p 0.0228254 1 0.0223103 -6701.52
p 0.0234207 13 1.00077e-31 -6705.33
p 0.176283 40 1e-50 -6776.71
p 0.449953 51 1e-50 -6891.84
p 0.740214 49 1e-50 -7006.97
p 0.817233 72 1e-50 -7122.09
p 0.838944 55 1e-50 -7237.22
p 0.838934 41 1e-50 -7352.35
p 0.00200663 0 0.997995 -7467.48
p 0.0106015 1 0.0104897 -7467.48
p 0.0217908 0 0.978445 -7472.04
p 0.0228254 1 0.0223103 -7472.06
p 0.0234206 13 1.00077e-31 -7475.87
p 0.176283 42 1e-50 -7547.25
p 0.44995 45 1e-50 -7662.37
p 0.740204 50 1e-50 -7777.5
p 0.817218 62 1e-50 -7892.63
p 0.83894 60 1e-50 -8007.76
p 0.838929 37 4.72884e-47 -8122.89
p 0.00200663 0 0.997995 -8229.56
p 0.0106015 0 0.989455 -8229.56
p 0.0217908 1 0.0213211 -8229.57
p 0.0228254 1 0.0223103 -8233.42
p 0.0234206 14 1.67418e-34 -8237.22
p 0.176282 31 1e-50 -8315
p 0.449945 46 1e-50 -8430.12
p 0.740199 43 1e-50 -8545.25
p 0.817214 45 1e-50 -8660.38
p 0.838933 47 1e-50 -8775.51
p 0.8389 41 1e-50 -8890.64
p 0.0122398 0 0.987835 -9005.77
p 0.0353735 1 0.0341441 -9005.78
p 0.0156582 9 1.53499e-22 -9009.16
p 0.151343 28 1e-50 -9059.39
p 0.529455 46 1e-50 -9174.52
p 0.757687 33 5.69412e-42 -9289.65
p 0.83121 50 1e-50 -9384.62
p 0.838922 50 1e-50 -9499.75
p 0.838928 58 1e-50 -9614.88
p 0.0122398 0 0.987835 -9730
p 0.0353735 0 0.965245 -9730.02
p 0.0156582 20 1e-50 -9730.05
p 0.151343 33 1e-50 -9845.18
p 0.529465 58 1e-50 -9960.31
p 0.757705 48 1e-50 -10075.4
p 0.831224 53 1e-50 -10190.6
p 0.838919 43 1e-50 -10305.7
p 0.83894 51 1e-50 -10420.8
p 0.0122398 1 0.0120909 -10536
p 0.0353735 7 1.32726e-14 -10540.4
p 0.0156582 14 6.01406e-37 -10572.3
p 0.151344 34 1e-50 -10655.7
p 0.529469 62 1e-50 -10770.9
p 0.757717 77 1e-50 -10886
p 0.831234 75 1e-50 -11001.1
p 0.838943 63 1e-50 -11116.2
p 0.838931 46 1e-50 -11231.4
p 0.0122398 0 0.987835 -11346.5
p 0.0353735 5 4.45501e-10 -11346.5
p 0.0156582 11 3.42135e-28 -11368
p 0.151344 54 1e-50 -11431.3
p 0.529469 55 1e-50 -11546.4
p 0.757697 54 1e-50 -11661.5
p 0.831224 42 1e-50 -11776.7
p 0.838947 63 1e-50 -11891.8
p 0.838938 55 1e-50 -12006.9
p 0.10873 12 5.11269e-21 -12122.1
p 0.187548 19 1.05345e-31 -12168.8
p 0.138144 21 1.50876e-38 -12240.1
p 0.144028 36 1e-50 -12327.2
p 0.333617 50 1e-50 -12442.3
p 0.455942 71 1e-50 -12557.5
p 0.645223 59 1e-50 -12672.6
p 0.730737 67 1e-50 -12787.7
p 0.797796 92 1e-50 -12902.8
p 0.826522 78 1e-50 -13018
p 0.838949 65 1e-50 -13133.1
p 0.838956 69 1e-50 -13248.2
p 0.10873 18 6.32037e-34 -13363.4
p 0.187548 17 1.02425e-27 -13439.8
p 0.138144 21 1.50875e-38 -13502
p 0.144028 43 1e-50 -13589
p 0.333616 55 1e-50 -13704.2
p 0.455941 37 1e-50 -13819.3
p 0.645219 59 1e-50 -13934.4
p 0.730732 63 1e-50 -14049.6
p 0.797793 77 1e-50 -14164.7
p 0.826521 70 1e-50 -14279.8
p 0.838951 62 1e-50 -14394.9
p 0.838954 57 1e-50 -14510.1
p 0.10873 17 1.04627e-31 -14625.2
p 0.187548 19 1.05337e-31 -14696.5
p 0.138143 23 5.68996e-43 -14767.9
p 0.144027 26 2.8275e-49 -14865.1
p 0.333614 32 1e-50 -14976.9
p 0.455938 48 1e-50 -15092.1
p 0.645215 59 1e-50 -15207.2
p 0.730727 69 1e-50 -15322.3
p 0.797786 65 1e-50 -15437.4
p 0.826516 78 1e-50 -15552.6
p 0.838952 88 1e-50 -15667.7
p 0.838948 65 1e-50 -15782.8
p 0.10873 14 3.32083e-25 -15898
p 0.187548 12 3.2776e-18 -15954.3
p 0.138143 14 9.20918e-24 -15994.6
p 0.144027 18 9.61891e-32 -16047.6
p 0.333615 41 1e-50 -16119
p 0.455938 53 1e-50 -16234.2
p 0.645212 58 1e-50 -16349.3
p 0.730724 69 1e-50 -16464.4
p 0.797783 81 1e-50 -16579.6
p 0.826516 91 1e-50 -16694.7
p 0.838958 84 1e-50 -16809.8
p 0.838943 52 1e-50 -16925
p 0.10873 8 4.34569e-13 -17040.1
p 0.10873 9 5.25005e-15 -17068.5
p 0.10873 21 1.01805e-40 -17101.4
p 0.109386 38 1e-50 -17193.5
p 0.294498 54 1e-50 -17308.6
p 0.486704 52 1e-50 -17423.8
p 0.674772 68 1e-50 -17538.9
p 0.765191 55 1e-50 -17654
p 0.810803 63 1e-50 -17769.2
p 0.828235 92 1e-50 -17884.3
p 0.838942 80 1e-50 -17999.4
p 0.838938 69 1e-50 -18114.5
p 0.10873 22 5.03168e-43 -18229.7
p 0.10873 20 1.96633e-38 -18327.1
p 0.10873 19 3.61688e-36 -18413.9
p 0.109386 29 1e-50 -18495.5
p 0.294497 40 1e-50 -18610.6
p 0.486701 42 1e-50 -18725.8
p 0.674771 83 1e-50 -18840.9
p 0.765192 85 1e-50 -18956
p 0.810807 73 1e-50 -19071.1
p 0.828234 94 1e-50 -19186.3
p 0.838933 85 1e-50 -19301.4
p 0.838928 48 1e-50 -19416.5
p 0.10873 14 3.32104e-25 -19531.7
p 0.10873 20 1.96633e-38 -19588
p 0.10873 22 5.03177e-43 -19674.8
p 0.109386 38 1e-50 -19772.2
p 0.294498 39 1e-50 -19887.4
p 0.486705 42 1e-50 -20002.5
p 0.674778 73 1e-50 -20117.6
p 0.765199 68 1e-50 -20232.8
p 0.810818 64 1e-50 -20347.9
p 0.82825 81 1e-50 -20463
p 0.838951 85 1e-50 -20578.1
p 0.83895 66 1e-50 -20693.3
p 0.10873 15 2.40735e-27 -20808.4
p 0.10873 22 5.03174e-43 -20869.7
p 0.10873 20 1.96636e-38 -20967.1
p 0.109386 38 1e-50 -21053.9
p 0.294498 47 1e-50 -21169
p 0.486706 74 1e-50 -21284.2
p 0.67477 56 1e-50 -21399.3
p 0.765179 40 1e-50 -21514.4
p 0.810776 31 8.10563e-38 -21629.6
p 0.828231 58 1e-50 -21715
p 0.838936 55 1e-50 -21830.1
p 0.838949 69 1e-50 -21945.2
p 0.838961 68 1e-50 -22060.4
p 0.838968 74 1e-50 -22175.5
p 0.838948 56 1e-50 -22290.6
p 0.838941 42 1e-50 -22405.7
p 6.80286 144 1e-50 -22520.9
p 6.80293 118 1e-50 -22636
p 6.80314 126 1e-50 -22751.1
p 6.80327 142 1e-50 -22866.3
p 3.75715 122 1e-50 -22981.4
p 3.75714 108 1e-50 -23096.5
p 3.75711 102 1e-50 -23211.6
p 3.75711 124 1e-50 -23326.8
p 0.838955 58 1e-50 -23441.9
p 0.838946 74 1e-50 -23557
p 0.838937 66 1e-50 -23672.2
p 0.838918 54 1e-50 -23787.3
p 6.80183 116 1e-50 -23902.4
p 6.80244 86 1e-50 -24017.6
p 6.80284 108 1e-50 -24132.7
p 6.8029 106 1e-50 -24247.8
p 3.757 98 1e-50 -24362.9
p 3.75705 96 1e-50 -24478.1
p 3.75707 140 1e-50 -24593.2
p 3.75714 180 1e-50 -24708.3
p 0.838968 80 1e-50 -24823.5
p 0.838977 132 1e-50 -24938.6
p 0.838971 96 1e-50 -25053.7
p 0.838967 72 1e-50 -25168.8
p 1.37187 90 1e-50 -25284
p 1.37187 124 1e-50 -25399.1
p 1.37187 130 1e-50 -25514.2
p 1.37187 124 1e-50 -25629.4
p 1.22048 136 1e-50 -25744.5
p 1.22048 164 1e-50 -25859.6
p 1.22047 178 1e-50 -25974.8
p 1.22047 156 1e-50 -26089.9
p 0.838959 94 1e-50 -26205
p 0.838979 124 1e-50 -26320.1
p 0.838982 110 1e-50 -26435.3
p 0.838972 76 1e-50 -26550.4
p 1.37187 122 1e-50 -26665.5
p 1.37188 124 1e-50 -26780.7
p 1.37187 118 1e-50 -26895.8
p 1.37188 118 1e-50 -27010.9
p 1.22048 172 1e-50 -27126
p 1.22047 132 1e-50 -27241.2
p 1.22047 166 1e-50 -27356.3
p 1.22047 164 1e-50 -27471.4
p 0.838969 126 1e-50 -27586.6
p 0.838971 138 1e-50 -27701.7
p 0.838971 158 1e-50 -27816.8
p 0.838969 116 1e-50 -27931.9
p 11.8179 92 2.79583e-49 -28047.1
p 11.8191 102 1e-50 -28158.9
p 11.8192 158 1e-50 -28274
p 11.8195 134 1e-50 -28389.1
p 2.16651 142 1e-50 -28504.3
p 2.16651 154 1e-50 -28619.4
p 2.1665 182 1e-50 -28734.5
p 2.16637 144 1e-50 -28849.7
p 0.838967 116 1e-50 -28964.8
p 0.838968 132 1e-50 -29079.9
p 0.838964 122 1e-50 -29195
p 0.838966 124 1e-50 -29310.2
p 11.8103 98 1e-50 -29425.3
p 11.8101 76 1.22099e-35 -29540.4
p 11.8075 82 1.29447e-40 -29620.8
p 11.8121 94 1e-50 -29712.7
p 2.1664 106 1e-50 -29827.8
p 2.16637 122 1e-50 -29942.9
p 2.16639 112 1e-50 -30058.1
p 2.16642 118 1e-50 -30173.2
p 0.838965 126 1e-50 -30288.3
p 0.838969 116 1e-50 -30403.4
p 0.838966 146 1e-50 -30518.6
p 0.838966 118 1e-50 -30633.7
p 11.8211 148 1e-50 -30748.8
p 11.8214 128 1e-50 -30864
p 11.821 124 1e-50 -30979.1
p 11.8201 122 1e-50 -31094.2
p 2.16649 200 1e-50 -31209.3
p 2.16649 174 1e-50 -31324.5
p 2.16648 174 1e-50 -31439.6
p 2.16641 116 1e-50 -31554.7
p 0.838963 128 1e-50 -31669.9
p 0.838968 138 1e-50 -31785
p 0.838963 124 1e-50 -31900.1
p 0.838964 104 1e-50 -32015.2
p 11.8133 88 9.32819e-46 -32130.4
p 11.8104 90 1.59434e-47 -32234.1
p 11.8146 86 5.15951e-44 -32341.8
p 11.8132 94 1e-50 -32441.5
p 2.16641 140 1e-50 -32556.6
p 2.16639 140 1e-50 -32671.7
p 2.16638 122 1e-50 -32786.9
p 2.16637 126 1e-50 -32902
p 0.838968 128 1e-50 -33017.1
p 0.838972 100 1e-50 -33132.3
p 0.838972 100 1e-50 -33247.4
p 0.838973 128 1e-50 -33362.5
p 1.1239 164 1e-50 -33477.7
p 1.12391 160 1e-50 -33592.8
p 1.12392 176 1e-50 -33707.9
p 1.12391 162 1e-50 -33823
p 1.12392 192 1e-50 -33938.2
p 1.1239 174 1e-50 -34053.3
p 1.12388 170 1e-50 -34168.4
p 1.12386 106 1e-50 -34283.6
p 0.838974 122 1e-50 -34398.7
p 0.838975 156 1e-50 -34513.8
p 0.838972 104 1e-50 -34628.9
p 0.838973 168 1e-50 -34744.1
p 1.12393 140 1e-50 -34859.2
p 1.12393 152 1e-50 -34974.3
p 1.12393 162 1e-50 -35089.5
p 1.12392 174 1e-50 -35204.6
p 1.12392 200 1e-50 -35319.7
p 1.12392 150 1e-50 -35434.9
p 1.1239 176 1e-50 -35550
p 1.12385 146 1e-50 -35665.1
p 0.838966 106 1e-50 -35780.2
p 0.838971 142 1e-50 -35895.4
p 0.83897 122 1e-50 -36010.5
p 0.838971 122 1e-50 -36125.6
p 1.12392 194 1e-50 -36240.8
p 1.12391 194 1e-50 -36355.9
p 1.12392 162 1e-50 -36471
p 1.12392 160 1e-50 -36586.1
p 1.1239 160 1e-50 -36701.3
p 1.12388 134 1e-50 -36816.4
p 1.12373 72 1e-50 -36931.5
p 1.12353 40 4.20526e-47 -37046.7
p 0.838967 132 1e-50 -37153.4
p 0.83897 108 1e-50 -37268.6
p 0.838971 136 1e-50 -37383.7
p 0.838973 156 1e-50 -37498.8
p 1.12393 198 1e-50 -37614
p 1.12393 216 1e-50 -37729.1
p 1.12393 186 1e-50 -37844.2
p 1.12393 166 1e-50 -37959.4
p 1.12392 182 1e-50 -38074.5
p 1.12392 188 1e-50 -38189.6
p 1.12387 146 1e-50 -38304.7
p 1.1238 106 1e-50 -38419.9
L -38535
Better lL = -38535 0.01 0.01 0.01 0.02 0.01
p 0.00469751 0 0.995314 0
p 0.00180204 0 0.9982 -0.00469751
p 0.00920452 2 4.19735e-05 -0.00649955
p 0.00998398 3 1.64219e-07 -10.085
p 0.00614817 3 3.8496e-08 -25.707
p 0.0351416 6 2.52544e-12 -42.7797
p 0.181556 12 2.23329e-18 -69.4844
p 0.84302 79 1e-50 -110.127
p 0.843 46 1e-50 -225.257
p 0.00469751 1 0.00467549 -340.386
p 0.00180204 1 0.00179879 -345.751
p 0.00920452 1 0.00912018 -352.072
p 0.00998398 1 0.0098848 -356.769
p 0.00614817 8 5.0324e-23 -361.386
p 0.0351416 14 4.85104e-32 -412.73
p 0.181556 45 1e-50 -484.833
p 0.843025 93 1e-50 -599.962
p 0.843009 65 1e-50 -715.092
p 0.00469751 0 0.995314 -830.221
p 0.00180204 1 0.00179879 -830.226
p 0.00920452 4 2.96344e-10 -836.546
p 0.00998398 2 4.93448e-05 -858.486
p 0.00614817 1 0.00611048 -868.402
p 0.0351416 13 1.93258e-29 -873.5
p 0.181556 22 3.70344e-38 -939.616
p 0.843022 61 1e-50 -1025.81
p 0.843012 54 1e-50 -1140.93
p 0.00469751 0 0.995314 -1256.06
p 0.00180204 0 0.9982 -1256.07
p 0.00920452 0 0.990838 -1256.07
p 0.00998398 0 0.990066 -1256.08
p 0.00614817 4 5.91699e-11 -1256.09
p 0.0351416 17 5.15975e-40 -1279.64
p 0.181555 20 5.19012e-34 -1370.1
p 0.843007 72 1e-50 -1446.74
p 0.843003 63 1e-50 -1561.87
p 0.108729 9 5.24978e-15 -1677
p 0.10873 7 3.19729e-11 -1709.88
p 0.108729 10 5.70806e-17 -1734.05
p 0.140986 13 1.21276e-21 -1771.45
p 0.322139 14 1.0772e-18 -1819.61
p 0.439958 20 1.95446e-26 -1860.98
p 0.587984 31 4.78569e-42 -1920.18
p 0.707449 43 1e-50 -2015.32
p 0.783744 41 1e-50 -2130.45
p 0.823507 58 1e-50 -2245.58
p 0.842978 54 1e-50 -2360.71
p 0.842959 44 1e-50 -2475.84
p 0.10873 10 5.70837e-17 -2590.97
p 0.10873 13 4.27602e-23 -2628.37
p 0.10873 8 4.34563e-13 -2679.88
p 0.140987 18 6.57092e-32 -2708.34
p 0.322144 15 2.31386e-20 -2780.14
p 0.43997 34 1e-50 -2825.36
p 0.587994 42 1e-50 -2940.49
p 0.707466 54 1e-50 -3055.62
p 0.783765 46 1e-50 -3170.74
p 0.82353 49 1e-50 -3285.87
p 0.843008 64 1e-50 -3401
p 0.843005 49 1e-50 -3516.13
p 0.10873 12 5.11245e-21 -3631.26
p 0.10873 9 5.25007e-15 -3677.98
p 0.10873 9 5.25009e-15 -3710.86
p 0.140987 20 3.43735e-36 -3743.75
p 0.322146 21 6.61992e-31 -3825.4
p 0.439974 39 1e-50 -3894.89
p 0.588003 64 1e-50 -4010.02
p 0.70748 65 1e-50 -4125.15
p 0.783784 77 1e-50 -4240.28
p 0.823545 73 1e-50 -4355.41
p 0.843018 74 1e-50 -4470.54
p 0.842982 48 1e-50 -4585.67
p 0.10873 7 3.19737e-11 -4700.8
p 0.10873 18 6.32028e-34 -4724.96
p 0.10873 19 3.61696e-36 -4801.41
p 0.140987 18 6.57146e-32 -4883.02
p 0.322147 32 1e-50 -4954.82
p 0.439977 46 1e-50 -5069.95
p 0.588007 73 1e-50 -5185.07
p 0.707484 67 1e-50 -5300.2
p 0.783786 75 1e-50 -5415.33
p 0.823548 74 1e-50 -5530.46
p 0.843018 77 1e-50 -5645.59
p 0.842999 57 1e-50 -5760.72
p 0.00201637 0 0.997986 -5875.85
p 0.0106529 0 0.989404 -5875.85
p 0.0218965 0 0.978342 -5875.86
p 0.0229361 4 1.12696e-08 -5875.88
p 0.0235343 21 1e-50 -5894.19
p 0.177138 43 1e-50 -6009.31
p 0.452136 55 1e-50 -6124.44
p 0.743764 52 1e-50 -6239.57
p 0.821154 86 1e-50 -6354.7
p 0.843009 57 1e-50 -6469.83
p 0.843008 52 1e-50 -6584.96
p 0.00201637 0 0.997986 -6700.09
p 0.0106529 0 0.989404 -6700.09
p 0.0218965 0 0.978342 -6700.1
p 0.0229361 1 0.0224161 -6700.12
p 0.0235342 13 1.06562e-31 -6703.92
p 0.177138 40 1e-50 -6775.24
p 0.452134 51 1e-50 -6890.37
p 0.743763 49 1e-50 -7005.5
p 0.821151 72 1e-50 -7120.63
p 0.843012 55 1e-50 -7235.76
p 0.843002 41 1e-50 -7350.89
p 0.00201637 0 0.997986 -7466.02
p 0.0106529 1 0.01054 -7466.02
p 0.0218965 0 0.978342 -7470.57
p 0.0229361 1 0.0224161 -7470.59
p 0.0235342 13 1.06562e-31 -7474.39
p 0.177137 42 1e-50 -7545.71
p 0.452132 45 1e-50 -7660.84
p 0.743753 50 1e-50 -7775.96
p 0.821136 62 1e-50 -7891.09
p 0.843008 60 1e-50 -8006.22
p 0.842997 37 5.63268e-47 -8121.35
p 0.00201637 0 0.997986 -8227.85
p 0.0106529 0 0.989404 -8227.85
p 0.0218965 1 0.0214222 -8227.86
p 0.0229361 1 0.022416 -8231.7
p 0.0235342 14 1.79131e-34 -8235.5
p 0.177137 31 1e-50 -8313.2
p 0.452127 46 1e-50 -8428.33
p 0.743748 43 1e-50 -8543.46
p 0.821132 45 1e-50 -8658.59
p 0.843001 47 1e-50 -8773.72
p 0.842967 41 1e-50 -8888.85
p 0.0122991 0 0.987776 -9003.98
p 0.035545 1 0.0343038 -9003.99
p 0.0157341 9 1.60319e-22 -9007.36
p 0.152076 28 1e-50 -9057.55
p 0.532022 46 1e-50 -9172.68
p 0.761361 33 6.65505e-42 -9287.81
p 0.835195 50 1e-50 -9382.62
p 0.84299 50 1e-50 -9497.75
p 0.842995 58 1e-50 -9612.88
p 0.0122991 0 0.987776 -9728.01
p 0.0355451 0 0.965079 -9728.02
p 0.0157341 20 1e-50 -9728.06
p 0.152077 33 1e-50 -9843.19
p 0.532031 58 1e-50 -9958.32
p 0.761379 48 1e-50 -10073.4
p 0.835209 53 1e-50 -10188.6
p 0.842987 43 1e-50 -10303.7
p 0.843008 51 1e-50 -10418.8
p 0.0122991 1 0.0121488 -10534
p 0.0355451 7 1.37274e-14 -10538.4
p 0.0157341 14 6.4351e-37 -10570.3
p 0.152078 34 1e-50 -10653.6
p 0.532036 62 1e-50 -10768.8
p 0.761391 77 1e-50 -10883.9
p 0.83522 75 1e-50 -10999
p 0.843011 63 1e-50 -11114.1
p 0.842999 46 1e-50 -11229.3
p 0.0122992 0 0.987776 -11344.4
p 0.0355451 5 4.56331e-10 -11344.4
p 0.0157341 11 3.60812e-28 -11365.9
p 0.152078 54 1e-50 -11429.1
p 0.532036 55 1e-50 -11544.2
p 0.761371 54 1e-50 -11659.4
p 0.835209 42 1e-50 -11774.5
p 0.843015 63 1e-50 -11889.6
p 0.843006 55 1e-50 -12004.8
p 0.10873 12 5.11269e-21 -12119.9
p 0.188272 19 1.13261e-31 -12166.6
p 0.138413 21 1.5712e-38 -12237.9
p 0.144351 36 1e-50 -12324.9
p 0.335585 50 1e-50 -12440
p 0.458754 71 1e-50 -12555.2
p 0.648923 59 1e-50 -12670.3
p 0.734624 67 1e-50 -12785.4
p 0.801831 92 1e-50 -12900.6
p 0.830583 78 1e-50 -13015.7
p 0.843017 65 1e-50 -13130.8
p 0.843024 69 1e-50 -13245.9
p 0.10873 18 6.32037e-34 -13361.1
p 0.188272 17 1.09278e-27 -13437.5
p 0.138413 21 1.57118e-38 -13499.6
p 0.144351 43 1e-50 -13586.6
p 0.335584 55 1e-50 -13701.8
p 0.458753 37 1e-50 -13816.9
p 0.648919 59 1e-50 -13932
p 0.734619 63 1e-50 -14047.2
p 0.801829 77 1e-50 -14162.3
p 0.830582 70 1e-50 -14277.4
p 0.843019 62 1e-50 -14392.5
p 0.843023 57 1e-50 -14507.7
p 0.10873 17 1.04627e-31 -14622.8
p 0.188272 19 1.13253e-31 -14694.1
p 0.138412 23 5.94851e-43 -14765.4
p 0.14435 26 2.99613e-49 -14862.6
p 0.335582 32 1e-50 -14974.4
p 0.45875 48 1e-50 -15089.5
p 0.648915 59 1e-50 -15204.6
p 0.734613 69 1e-50 -15319.7
p 0.801821 65 1e-50 -15434.9
p 0.830577 78 1e-50 -15550
p 0.84302 88 1e-50 -15665.1
p 0.843016 65 1e-50 -15780.3
p 0.10873 14 3.32083e-25 -15895.4
p 0.188272 12 3.43017e-18 -15951.8
p 0.138412 14 9.46069e-24 -15992
p 0.144351 18 1.00115e-31 -16045
p 0.335583 41 1e-50 -16116.4
p 0.45875 53 1e-50 -16231.5
p 0.648911 58 1e-50 -16346.6
p 0.73461 69 1e-50 -16461.8
p 0.801818 81 1e-50 -16576.9
p 0.830576 91 1e-50 -16692
p 0.843027 84 1e-50 -16807.1
p 0.843011 52 1e-50 -16922.3
p 0.10873 8 4.34569e-13 -17037.4
p 0.10873 9 5.25005e-15 -17065.9
p 0.10873 21 1.01805e-40 -17098.7
p 0.109392 38 1e-50 -17190.8
p 0.296154 54 1e-50 -17306
p 0.489696 52 1e-50 -17421.1
p 0.678563 68 1e-50 -17536.2
p 0.769183 55 1e-50 -17651.3
p 0.814851 63 1e-50 -17766.5
p 0.832297 92 1e-50 -17881.6
p 0.84301 80 1e-50 -17996.7
p 0.843006 69 1e-50 -18111.9
p 0.10873 22 5.03168e-43 -18227
p 0.10873 20 1.96633e-38 -18324.4
p 0.10873 19 3.61688e-36 -18411.2
p 0.109391 29 1e-50 -18492.8
p 0.296154 40 1e-50 -18607.9
p 0.489693 42 1e-50 -18723.1
p 0.678562 83 1e-50 -18838.2
p 0.769184 85 1e-50 -18953.3
p 0.814855 73 1e-50 -19068.5
p 0.832296 94 1e-50 -19183.6
p 0.843 85 1e-50 -19298.7
p 0.842996 48 1e-50 -19413.8
p 0.10873 14 3.32104e-25 -19529
p 0.10873 20 1.96633e-38 -19585.3
p 0.10873 22 5.03177e-43 -19672.2
p 0.109392 38 1e-50 -19769.6
p 0.296154 39 1e-50 -19884.7
p 0.489697 42 1e-50 -19999.8
p 0.67857 73 1e-50 -20114.9
p 0.769191 68 1e-50 -20230.1
p 0.814866 64 1e-50 -20345.2
p 0.832312 81 1e-50 -20460.3
p 0.84302 85 1e-50 -20575.5
p 0.843018 66 1e-50 -20690.6
p 0.10873 15 2.40735e-27 -20805.7
p 0.10873 22 5.03174e-43 -20867
p 0.10873 20 1.96636e-38 -20964.4
p 0.109392 38 1e-50 -21051.2
p 0.296155 47 1e-50 -21166.4
p 0.489698 74 1e-50 -21281.5
p 0.678561 56 1e-50 -21396.6
p 0.769171 40 1e-50 -21511.7
p 0.814824 31 9.42059e-38 -21626.9
p 0.832293 58 1e-50 -21712.1
p 0.843004 55 1e-50 -21827.3
p 0.843017 69 1e-50 -21942.4
p 0.843029 68 1e-50 -22057.5
p 0.843036 74 1e-50 -22172.7
p 0.843016 56 1e-50 -22287.8
p 0.843009 42 1e-50 -22402.9
p 6.8355 144 1e-50 -22518
p 6.83557 118 1e-50 -22633.2
p 6.83578 126 1e-50 -22748.3
p 6.83592 142 1e-50 -22863.4
p 3.77517 122 1e-50 -22978.6
p 3.77516 108 1e-50 -23093.7
p 3.77513 102 1e-50 -23208.8
p 3.77512 124 1e-50 -23323.9
p 0.843023 58 1e-50 -23439.1
p 0.843014 74 1e-50 -23554.2
p 0.843005 66 1e-50 -23669.3
p 0.842986 54 1e-50 -23784.5
p 6.83446 116 1e-50 -23899.6
p 6.83508 86 1e-50 -24014.7
p 6.83549 108 1e-50 -24129.8
p 6.83554 106 1e-50 -24245
p 3.77501 98 1e-50 -24360.1
p 3.77507 96 1e-50 -24475.2
p 3.77509 140 1e-50 -24590.4
p 3.77516 180 1e-50 -24705.5
p 0.843036 80 1e-50 -24820.6
p 0.843046 132 1e-50 -24935.8
p 0.843039 96 1e-50 -25050.9
p 0.843035 72 1e-50 -25166
p 1.37427 90 1e-50 -25281.1
p 1.37427 124 1e-50 -25396.3
p 1.37427 130 1e-50 -25511.4
p 1.37427 124 1e-50 -25626.5
p 1.22373 136 1e-50 -25741.7
p 1.22373 164 1e-50 -25856.8
p 1.22373 178 1e-50 -25971.9
p 1.22372 156 1e-50 -26087
p 0.843027 94 1e-50 -26202.2
p 0.843048 124 1e-50 -26317.3
p 0.843051 110 1e-50 -26432.4
p 0.84304 76 1e-50 -26547.6
p 1.37427 122 1e-50 -26662.7
p 1.37428 124 1e-50 -26777.8
p 1.37427 118 1e-50 -26893
p 1.37428 118 1e-50 -27008.1
p 1.22373 172 1e-50 -27123.2
p 1.22373 132 1e-50 -27238.3
p 1.22372 166 1e-50 -27353.5
p 1.22373 164 1e-50 -27468.6
p 0.843037 126 1e-50 -27583.7
p 0.843039 138 1e-50 -27698.9
p 0.843039 158 1e-50 -27814
p 0.843038 116 1e-50 -27929.1
p 11.8746 92 4.10399e-49 -28044.2
p 11.8758 102 1e-50 -28155.7
p 11.8759 158 1e-50 -28270.8
p 11.8762 134 1e-50 -28385.9
p 2.17704 142 1e-50 -28501
p 2.17703 154 1e-50 -28616.2
p 2.17702 182 1e-50 -28731.3
p 2.17689 144 1e-50 -28846.4
p 0.843036 116 1e-50 -28961.6
p 0.843037 132 1e-50 -29076.7
p 0.843032 122 1e-50 -29191.8
p 0.843034 124 1e-50 -29307
p 11.867 98 1e-50 -29422.1
p 11.8667 76 1.65983e-35 -29537.2
p 11.8642 82 1.81086e-40 -29617.3
p 11.8688 94 1e-50 -29708.8
p 2.17692 106 1e-50 -29823.9
p 2.17689 122 1e-50 -29939.1
p 2.17691 112 1e-50 -30054.2
p 2.17694 118 1e-50 -30169.3
p 0.843033 126 1e-50 -30284.4
p 0.843037 116 1e-50 -30399.6
p 0.843034 146 1e-50 -30514.7
p 0.843034 118 1e-50 -30629.8
p 11.8779 148 1e-50 -30745
p 11.8782 128 1e-50 -30860.1
p 11.8778 124 1e-50 -30975.2
p 11.8768 122 1e-50 -31090.4
p 2.17701 200 1e-50 -31205.5
p 2.17701 174 1e-50 -31320.6
p 2.177 174 1e-50 -31435.7
p 2.17693 116 1e-50 -31550.9
p 0.843032 128 1e-50 -31666
p 0.843037 138 1e-50 -31781.1
p 0.843031 124 1e-50 -31896.3
p 0.843032 104 1e-50 -32011.4
p 11.8699 88 1.34314e-45 -32126.5
p 11.867 90 2.31755e-47 -32229.8
p 11.8713 86 7.3585e-44 -32337.2
p 11.8699 94 1e-50 -32436.5
p 2.17693 140 1e-50 -32551.7
p 2.17691 140 1e-50 -32666.8
p 2.1769 122 1e-50 -32781.9
p 2.17689 126 1e-50 -32897.1
p 0.843036 128 1e-50 -33012.2
p 0.84304 100 1e-50 -33127.3
p 0.84304 100 1e-50 -33242.4
p 0.843041 128 1e-50 -33357.6
p 1.1275 164 1e-50 -33472.7
p 1.1275 160 1e-50 -33587.8
p 1.12751 176 1e-50 -33703
p 1.12751 162 1e-50 -33818.1
p 1.12752 192 1e-50 -33933.2
p 1.1275 174 1e-50 -34048.3
p 1.12747 170 1e-50 -34163.5
p 1.12745 106 1e-50 -34278.6
p 0.843043 122 1e-50 -34393.7
p 0.843043 156 1e-50 -34508.9
p 0.843041 104 1e-50 -34624
p 0.843041 168 1e-50 -34739.1
p 1.12752 140 1e-50 -34854.3
p 1.12752 152 1e-50 -34969.4
p 1.12752 162 1e-50 -35084.5
p 1.12752 174 1e-50 -35199.6
p 1.12751 200 1e-50 -35314.8
p 1.12751 150 1e-50 -35429.9
p 1.1275 176 1e-50 -35545
p 1.12745 146 1e-50 -35660.2
p 0.843034 106 1e-50 -35775.3
p 0.843039 142 1e-50 -35890.4
p 0.843038 122 1e-50 -36005.5
p 0.84304 122 1e-50 -36120.7
p 1.12752 194 1e-50 -36235.8
p 1.12751 194 1e-50 -36350.9
p 1.12751 162 1e-50 -36466.1
p 1.12752 160 1e-50 -36581.2
p 1.1275 160 1e-50 -36696.3
p 1.12747 134 1e-50 -36811.4
p 1.12732 72 1e-50 -36926.6
p 1.12712 40 4.76096e-47 -37041.7
p 0.843035 132 1e-50 -37148.4
p 0.843038 108 1e-50 -37263.5
p 0.843039 136 1e-50 -37378.6
p 0.843041 156 1e-50 -37493.8
p 1.12752 198 1e-50 -37608.9
p 1.12752 216 1e-50 -37724
p 1.12752 186 1e-50 -37839.1
p 1.12752 166 1e-50 -37954.3
p 1.12752 182 1e-50 -38069.4
p 1.12751 188 1e-50 -38184.5
p 1.12746 146 1e-50 -38299.7
p 1.12739 106 1e-50 -38414.8
L -38529.9
