:
0
0
0
0
0.000220144
0.000307488
0.000352184
0.000674402
0.00146436
0.0115665
0.00937772
0
0
0
0.000107624
0.000108383
0.000118581
0.000114502
0.000924276
0.00155488
0.00529697
0.0123881
0.0116661
0
0
0
0
0.000138861
0.000594273
0.000292277
0.000138913
0.00186843
0.00314532
0.00864589
0.00921605
0
0
0
0
0
0
0
0.000788262
0.00342403
0.00413558
0.0132211
0.0123343
0.00233573
0.00171345
0.00256913
0.00312022
0.00382893
0.00615726
0.00756668
0.0107921
0.0103116
0.0146716
0.0143879
0.0140108
0.00158427
0.00220018
0.00139329
0.00330007
0.00277528
0.00636581
0.00774951
0.010054
0.00842022
0.00901394
0.0115352
0.00933458
0.00225881
0.00130511
0.00122146
0.00281612
0.00296585
0.00547837
0.00835826
0.00846457
0.00951209
0.0102165
0.0114223
0.0121721
0.0012087
0.00260742
0.00227215
0.00212883
0.00359106
0.00503157
0.00797815
0.00767213
0.00863252
0.00966611
0.0118408
0.0117828
0
0
0
0
0.000439155
0.00245928
0.0058233
0.00777678
0.00842777
0.0131039
0.010175
0.00937869
0
0
0
0
0.000149159
0.0018955
0.00681865
0.00850735
0.008177
0.0116136
0.0092953
0.00812035
0
0
0.000168835
0
0.00017379
0.00215121
0.00764667
0.00844705
0.0101271
0.0127924
0.0109111
0.00786346
0
0
0
0.000197557
0.000194203
0.00273411
0.0070533
0.0109579
0.00941419
0.00972121
0.00940612
0.0121264
0
0
0
0
0.000197854
0.00164864
0.0063202
0.0117286
0.0081158
0.0121006
0.0116255
0.0125642
0
0
0
0
0
0.00291023
0.0057034
0.0109004
0.008866
0.0107139
0.0103715
0.00929132
0
0
0
0.000141404
0.000838016
0.0018091
0.00465124
0.00983344
0.0109874
0.0129266
0.0108516
0.00952407
0
0
0
0
0.000558366
0.00116391
0.0072561
0.00856805
0.0114221
0.0084841
0.0101469
0.0102238
0.00137855
0.00245394
0.00248307
0.00409826
0.00562277
0.0084663
0.00585914
0.00714052
0.0102443
0.00961264
0.0101158
0.00930663
0.00233599
0.00227736
0.00258192
0.00518723
0.00694384
0.00479455
0.00716985
0.00789495
0.00919884
0.0089081
0.00929659
0.00800535
0.00311774
0.00327001
0.00348314
0.00409698
0.00529633
0.00749062
0.00808364
0.0101048
0.00934317
0.0110576
0.0129807
0.010236
0.00301139
0.00200936
0.0021435
0.00266157
0.00587719
0.00836997
0.0090506
0.0107846
0.0122563
0.0129064
0.0108373
0.00905717
0.00113476
0.00137251
0.00360753
0.00527596
0.00668946
0.00694192
0.00915203
0.00788404
0.0105463
0.0153619
0.0139847
0.0129492
0.00308529
0.00274262
0.0026677
0.00420468
0.00580023
0.0066207
0.0116765
0.011864
0.0112608
0.0160216
0.0172105
0.0103363
0.00181032
0.00270063
0.00272507
0.00495567
0.00489715
0.00532457
0.00781522
0.00803095
0.00773693
0.00999465
0.0126499
0.0101367
0.00171744
0.00284346
0.00247501
0.00439282
0.00545336
0.00853003
0.00809035
0.00741184
0.00772327
0.0103868
0.0106605
0.0107933
0.00822909
0.00754725
0.00889776
0.00747611
0.0144681
0.0114983
0.0111681
0.0117501
0.00992002
0.00888718
0.00879113
0.0107944
0.00806416
0.0122183
0.0124906
0.0131093
0.016811
0.0102133
0.0109282
0.0104688
0.0100847
0.00914315
0.0128913
0.0147124
0.00823031
0.00997292
0.00899457
0.00750619
0.0100883
0.012961
0.0138914
0.0137793
0.00918004
0.0112337
0.0129135
0.0124154
0.0119628
0.00867531
0.00677624
0.00682678
0.0126681
0.0119897
0.012237
0.0117838
0.0117002
0.0094109
0.0132476
0.0121061
0.0125866
0.0128123
0.0147097
0.0113628
0.0163271
0.0163579
0.0251574
0.0208075
0.0115145
0.0128418
0.0158296
0.0206077
0.0120501
0.0132928
0.0137156
0.0133885
0.0280169
0.022013
0.0267245
0.0244603
0.0136187
0.0174998
0.0148261
0.0143566
0.0139295
0.0114317
0.0156621
0.0126044
0.0194815
0.0162334
0.0165128
0.0178613
0.0180579
0.0160124
0.0164518
0.0146589
0.0147134
0.0138731
0.0143485
0.0118658
0.0214707
0.0256902
0.0193807
0.0229497
0.0175741
0.0187219
0.0170739
0.018034
0.0132116
0.00900554
0.00910874
0.0112579
0.0198804
0.01751
0.0171337
0.0161654
0.017221
0.0199351
0.0273044
0.0205163
0.0102124
0.012931
0.00927086
0.014844
0.0112862
0.011692
0.0133538
0.0150943
0.0188709
0.01417
0.0204698
0.0293667
0.0114362
0.0132057
0.0117392
0.0112592
0.0173549
0.0193429
0.0149025
0.0143076
0.0183784
0.0213177
0.0283871
0.028361
0.0138147
0.0104992
0.0126266
0.0136703
0.015192
0.0171318
0.0146496
0.0125879
0.0155698
0.018181
0.0249879
0.0299197
