A	2		0	0.094135659	4	2.504830987	16425	9
A	3		0	0.094135659	4	2.504830987	14581	21
A	4		0	0.094135659	4	2.504830987	18041	38
A	1		0.067468171	0.077710905	4	2.504830987	17659	8
E	1		0.067468171	0.077710905	4	2.504830987	21804	12
E	2		0.067468171	0.077710905	4	2.504830987	19394	19
E	3		0.067468171	0.077710905	4	2.504830987	21184	21
E	4		0.067468171	0.077710905	4	2.504830987	22003	36
A	5		0.227696502	0.094958206	4	2.504830987	20220	54
E	5		0.227696502	0.094958206	4	2.504830987	22274	50
A	6		0.407701825	0.042163185	4	2.504830987	18763	52
E	6		0.407701825	0.042163185	4	2.504830987	21006	71
A	7		0.669169148	0.034282322	4	2.504830987	18611	68
E	7		0.669169148	0.034282322	4	2.504830987	25223	59
A	8		0.818986729	0.039751752	4	2.504830987	17474	55
E	8		0.818986729	0.039751752	4	2.504830987	23503	67
A	9		0.927099893	0.018111088	4	2.504830987	14963	63
E	9		0.927099893	0.018111088	4	2.504830987	22495	92
A	10		0.974957371	0.003974286	4	2.504830987	15001	92
E	10		0.974957371	0.003974286	4	2.504830987	20325	78
A	11		1	0.00010881	4	2.504830987	14329	80
A	12		1	0.00010881	4	2.504830987	13347	69
E	11		1	4.94113E-05	4	2.504830987	16095	65
E	12		1	4.94113E-05	4	2.504830987	18571	69
B	2		0	0.094135659	4	2.504830987	18266	20
B	3		0	0.094135659	4	2.504830987	17840	19
B	4		0	0.094135659	4	2.504830987	17276	29
B	1		0.067468171	0.077710905	4	2.504830987	17861	22
F	1		0.067468171	0.077710905	4	2.504830987	19301	18
F	2		0.067468171	0.077710905	4	2.504830987	18698	17
F	3		0.067468171	0.077710905	4	2.504830987	20373	21
F	4		0.067468171	0.077710905	4	2.504830987	20764	43
B	5		0.227696502	0.094958206	4	2.504830987	17274	40
F	5		0.227696502	0.094958206	4	2.504830987	19840	55
B	6		0.407701825	0.042163185	4	2.504830987	15890	42
F	6		0.407701825	0.042163185	4	2.504830987	19330	37
B	7		0.669169148	0.034282322	4	2.504830987	17805	83
F	7		0.669169148	0.034282322	4	2.504830987	20612	59
B	8		0.818986729	0.039751752	4	2.504830987	17946	85
F	8		0.818986729	0.039751752	4	2.504830987	19988	63
B	9		0.927099893	0.018111088	4	2.504830987	16238	73
F	9		0.927099893	0.018111088	4	2.504830987	20967	77
B	10		0.974957371	0.003974286	4	2.504830987	14696	94
F	10		0.974957371	0.003974286	4	2.504830987	19683	70
B	11		1	0.00010881	4	2.504830987	12371	85
B	12		1	0.00010881	4	2.504830987	11632	48
F	11		1	4.94113E-05	4	2.504830987	16705	62
F	12		1	4.94113E-05	4	2.504830987	17835	57
C	2		0	0.094135659	4	2.504830987	18550	20
C	3		0	0.094135659	4	2.504830987	20222	22
C	4		0	0.094135659	4	2.504830987	19207	38
C	1		0.067468171	0.077710905	4	2.504830987	19371	14
G	1		0.067468171	0.077710905	4	2.504830987	13658	17
G	2		0.067468171	0.077710905	4	2.504830987	14554	19
G	3		0.067468171	0.077710905	4	2.504830987	16540	23
G	4		0.067468171	0.077710905	4	2.504830987	15896	26
C	5		0.227696502	0.094958206	4	2.504830987	19948	39
G	5		0.227696502	0.094958206	4	2.504830987	15134	32
C	6		0.407701825	0.042163185	4	2.504830987	19758	42
G	6		0.407701825	0.042163185	4	2.504830987	16051	48
C	7		0.669169148	0.034282322	4	2.504830987	23397	73
G	7		0.669169148	0.034282322	4	2.504830987	18282	59
C	8		0.818986729	0.039751752	4	2.504830987	21209	68
G	8		0.818986729	0.039751752	4	2.504830987	17104	69
C	9		0.927099893	0.018111088	4	2.504830987	20720	64
G	9		0.927099893	0.018111088	4	2.504830987	17426	65
C	10		0.974957371	0.003974286	4	2.504830987	20300	81
G	10		0.974957371	0.003974286	4	2.504830987	17669	78
C	11		1	0.00010881	4	2.504830987	16831	85
C	12		1	0.00010881	4	2.504830987	16309	66
G	11		1	4.94113E-05	4	2.504830987	16981	88
G	12		1	4.94113E-05	4	2.504830987	15906	65
D	2		0	0.094135659	4	2.504830987	19380	22
D	3		0	0.094135659	4	2.504830987	20241	20
D	4		0	0.094135659	4	2.504830987	21668	38
D	1		0.067468171	0.077710905	4	2.504830987	21877	15
H	1		0.067468171	0.077710905	4	2.504830987	11645	14
H	2		0.067468171	0.077710905	4	2.504830987	14959	12
H	3		0.067468171	0.077710905	4	2.504830987	16360	14
H	4		0.067468171	0.077710905	4	2.504830987	16940	18
D	5		0.227696502	0.094958206	4	2.504830987	21588	47
H	5		0.227696502	0.094958206	4	2.504830987	17474	41
D	6		0.407701825	0.042163185	4	2.504830987	21730	74
H	6		0.407701825	0.042163185	4	2.504830987	15861	53
D	7		0.669169148	0.034282322	4	2.504830987	17338	56
H	7		0.669169148	0.034282322	4	2.504830987	16052	58
D	8		0.818986729	0.039751752	4	2.504830987	13518	40
H	8		0.818986729	0.039751752	4	2.504830987	16026	69
D	9		0.927099893	0.018111088	4	2.504830987	10054	31
H	9		0.927099893	0.018111088	4	2.504830987	16554	81
D	10		0.974957371	0.003974286	4	2.504830987	13987	58
H	10		0.974957371	0.003974286	4	2.504830987	17661	91
D	11		1	0.00010881	4	2.504830987	12923	55
D	12		1	0.00010881	4	2.504830987	16013	69
H	11		1	4.94113E-05	4	2.504830987	19415	84
H	12		1	4.94113E-05	4	2.504830987	14381	52
