G	1		1	0.022485799	4	2.225630282	22280	126
G	2		1	0.022485799	4	2.225630282	23972	138
G	3		1	0.022485799	4	2.225630282	23906	158
G	4		1	0.022485799	4	2.225630282	22721	116
G	5		4.141869	0.237054658	4	2.225630282	12541	92
G	6		4.141869	0.237054658	4	2.225630282	13878	102
G	7		4.141869	0.237054658	4	2.225630282	13978	158
G	8		4.141869	0.237054658	4	2.225630282	14333	134
G	9		1.638854587	0.272026282	4	2.225630282	27447	142
G	10		1.638854587	0.272026282	4	2.225630282	26690	154
G	11		1.638854587	0.272026282	4	2.225630282	25589	182
G	12		1.638854587	0.272026282	4	2.225630282	15552	144
H	1		1	0.022485799	4	2.225630282	21425	116
H	2		1	0.022485799	4	2.225630282	22101	132
H	3		1	0.022485799	4	2.225630282	19797	122
H	4		1	0.022485799	4	2.225630282	20613	124
H	5		4.141869	0.237054658	4	2.225630282	7785	98
H	6		4.141869	0.237054658	4	2.225630282	7684	76
H	7		4.141869	0.237054658	4	2.225630282	6829	82
H	8		4.141869	0.237054658	4	2.225630282	8553	94
H	9		1.638854587	0.272026282	4	2.225630282	17323	106
H	10		1.638854587	0.272026282	4	2.225630282	15516	122
H	11		1.638854587	0.272026282	4	2.225630282	16813	112
H	12		1.638854587	0.272026282	4	2.225630282	18293	118
G	1		1	0.022485799	4	2.225630282	20132	126
G	2		1	0.022485799	4	2.225630282	22584	116
G	3		1	0.022485799	4	2.225630282	20747	146
G	4		1	0.022485799	4	2.225630282	20836	118
G	5		4.141869	0.237054658	4	2.225630282	16908	148
G	6		4.141869	0.237054658	4	2.225630282	17549	128
G	7		4.141869	0.237054658	4	2.225630282	16713	124
G	8		4.141869	0.237054658	4	2.225630282	15202	122
G	9		1.638854587	0.272026282	4	2.225630282	24650	200
G	10		1.638854587	0.272026282	4	2.225630282	24185	174
G	11		1.638854587	0.272026282	4	2.225630282	23539	174
G	12		1.638854587	0.272026282	4	2.225630282	17612	116
H	1		1	0.022485799	4	2.225630282	19362	128
H	2		1	0.022485799	4	2.225630282	22139	138
H	3		1	0.022485799	4	2.225630282	19234	124
H	4		1	0.022485799	4	2.225630282	19507	104
H	5		4.141869	0.237054658	4	2.225630282	9122	88
H	6		4.141869	0.237054658	4	2.225630282	7797	90
H	7		4.141869	0.237054658	4	2.225630282	9876	86
H	8		4.141869	0.237054658	4	2.225630282	9116	94
H	9		1.638854587	0.272026282	4	2.225630282	17730	140
H	10		1.638854587	0.272026282	4	2.225630282	16643	140
H	11		1.638854587	0.272026282	4	2.225630282	15903	122
H	12		1.638854587	0.272026282	4	2.225630282	15550	126
